Table I entries for CookeTriplet.zmx, wavelength 2 (0.55 um), from
BuchdahlTableI in this repository. Buchdahl works in units of the focal
length, so lengths here are divided by EFL and curvatures multiplied by it.

EFL 49.999981961   Buchdahl p 0.230243186

entry     surface 1           surface 2           surface 3           surface 4           surface 5           surface 6      
t1       1.000000000E+000    9.431946675E-001    7.651879566E-001    7.601702602E-001    8.324522229E-001    8.483015712E-001
t2       0.000000000E+000    8.715251492E-001    1.481524471E+000    2.508922520E-001   -7.607968216E-001   -2.684436496E-001
t3       2.271323394E+000   -9.797490999E-001   -3.203889832E+000    1.622193158E+000    1.283145161E+000   -2.037308042E+000
t4       2.302431862E-001    1.769947170E-001    1.620363535E-002    3.122502257E-017   -1.249828351E-001   -1.710728920E-001
t5       1.000000000E+000    8.169546426E-001    1.338241243E+000    8.102057815E-001    1.315494768E+000    7.806367091E-001
t6      -2.100287726E-001    8.545691477E-001    4.290765783E-001   -4.994508683E-001   -1.086330076E+000    1.549333065E-001
t7       1.000000000E+000    7.217613870E-002    7.025537925E-001    9.355141347E-001    4.890182988E-001    8.222275714E-001
t8      -8.715251492E-001   -4.402739567E-002    8.645853328E-001    9.464494282E-001   -2.407697106E-001   -1.042949341E+000
t9       0.000000000E+000    7.595560857E-001    2.194914759E+000    6.294692211E-002    5.788118037E-001    7.206199303E-002
t10      1.385461134E+000    1.125612699E+000   -5.211522827E+000   -2.413495579E+000    4.079984294E-001    5.401949539E+000
t11     -2.909867014E-001    9.619138849E-001   -2.236142382E+000    1.205422463E+000   -4.432209648E-001    8.369419034E-001
t12      1.222311595E-001    1.644043857E+000   -1.918952644E+000   -1.204098591E+000    9.629685288E-001    2.593403528E-001
t13      4.968781543E-001    8.440356266E-001   -1.391768988E+000   -1.075274010E+000    6.018691197E-001    6.511448471E-001
t14     -1.043587089E-001    7.212868060E-001   -5.971754752E-001    5.370465379E-001   -6.538285265E-001    1.008840241E-001
t15      0.000000000E+000    1.385461134E+000    2.511073833E+000   -2.700448994E+000   -5.113944573E+000   -4.705946143E+000
t16      0.000000000E+000   -2.909867014E-001    6.709271835E-001   -1.565215199E+000   -3.597927361E-001   -8.030137009E-001
t17      0.000000000E+000    1.222311595E-001    1.766275017E+000   -1.526776268E-001   -1.356776218E+000   -3.938076893E-001
t18      0.000000000E+000    4.968781543E-001    1.340913781E+000   -5.085520736E-002   -1.126129217E+000   -5.242600974E-001
t19      0.000000000E+000   -1.043587089E-001    6.169280971E-001    1.975262188E-002    5.567991597E-001   -9.702936676E-002
t20      0.000000000E+000   -6.707647442E-001   -4.265301958E-001   -1.596688660E+000   -6.491986380E-001   -8.390446975E-001
t21      0.000000000E+000    1.408798959E-001    3.495952058E-001   -1.524923839E-001   -6.257170980E-001   -4.194816138E-001
t22      0.000000000E+000   -5.897653573E-001   -2.163621332E-001   -3.559519799E-001   -3.559519799E-001   -1.842507221E-001
t23      0.000000000E+000    6.193384706E-002    2.214832846E-001    1.915359177E-001    1.915359177E-001    9.827379742E-002
t24      0.000000000E+000   -1.300788988E-002    1.233381369E-001    1.104884232E-001    1.104884232E-001    2.118018694E-001
t25     -0.000000000E+000    1.854737084E+000    1.503973164E+000    2.945430255E+000    6.204630434E+000    1.099369015E-001
t26     -0.000000000E+000   -3.895481533E-001   -6.171606568E-002    9.342404740E-001    1.016570768E+000    2.950680460E-001
t27     -0.000000000E+000    9.242884250E-002    7.921204135E-001    1.919448160E+000    1.137659321E+000   -6.457641356E-002
t28     -0.000000000E+000   -1.941271634E-002    3.149006715E-001   -3.068168620E-001    1.090834977E+000   -2.575615223E-001
t29     -0.000000000E+000    3.626828938E-001    3.538714123E-001   -1.661362402E-001    1.031812120E+000   -1.794991478E-001
t30     -0.000000000E+000   -7.617384303E-002    1.413712600E-001   -1.203538874E-001   -7.153560967E-001   -2.268349500E-001
t31     -0.000000000E+000   -1.974549243E+000   -7.070357246E-001    2.405338172E+000    7.756847420E+000    2.780351584E-001
t32     -0.000000000E+000   -9.839955350E-002   -2.497964513E-002    6.518531883E-001    2.326708513E+000   -2.475564850E-001
t33     -0.000000000E+000   -3.861114544E-001   -1.046667472E-002   -2.033307768E-001    4.055324424E-001   -1.990245535E-001
t34      9.847376468E-001    4.254318556E-001    9.546072887E-001    1.244852161E+000    7.593000693E-002    1.982804040E+000
t35     -0.000000000E+000   -5.316297501E-001    1.823211748E+000    2.538249500E-001    3.745807283E-001    3.405056427E-001
t36      2.349253337E+000   -2.542725381E-001    2.294739396E+000    3.192339742E+000    6.883476141E-002    5.038526376E+000
t37      5.528647838E+000    2.518690804E+000    1.884800717E+001    8.161496144E+000    3.569132543E+000    1.267055814E+001
t38      4.092947210E+000    1.436614498E+000   -1.492487303E+001   -9.013335564E+000    9.293797071E-002    3.213302211E+001
t39     -0.000000000E+000    4.175431231E+000   -1.567598095E+001   -1.421756579E+001    5.062958944E+000    1.187747189E+000
t40      4.092947210E+000    5.612045729E+000   -3.060085397E+001   -2.323090136E+001    5.155896915E+000    3.332076930E+001
t41      4.092947210E+000    7.699761345E+000   -3.843884445E+001   -3.033968426E+001    7.687376387E+000    3.391464290E+001
t42     -8.596366788E-001    4.357400787E+000   -1.280847503E+001    9.347908602E+000   -5.186246611E+000    6.756439657E+000
t43      1.207464221E+000   -9.205175606E-002    1.535463989E+001    3.417210283E+000    4.018200461E-001    8.018615443E+000
t44     -2.231082494E+000    4.818693952E+000   -1.026101390E+001    2.142408338E+001   -2.025205031E-003    2.793251689E+001
t45     -2.231082494E+000    7.779004367E+000   -2.677128564E+001    1.730616756E+001   -4.975507749E+000    2.569868340E+001
t46     -2.231082494E+000    1.145123815E+001   -3.762563552E+001    1.977456350E+001   -1.001138911E+001    2.553386647E+001
t47      4.685915178E-001    5.876422377E+000   -1.285203186E+001   -5.650770372E+000    4.948971715E+000    3.084157267E+000
t48      6.927305669E-001    2.931880582E-003   -1.286156491E+000   -1.056129611E+000    4.878414711E-002    1.826016085E+000
t49      1.654930577E-001    3.837098255E-002   -9.394798925E-002   -9.178992509E-002    1.663075053E-002    1.907440535E-001
t50      9.657182693E-001    2.060924159E+000   -2.873266742E-001   -7.351422381E+000   -1.517396824E-001    4.801774040E+000
t51      9.657182693E-001    2.115170160E+000   -4.279806542E+000   -2.815778283E+000   -2.975423798E-001    2.518890376E+000
t52      9.657182693E-001    4.088874808E+000   -8.217198694E+000   -5.581953803E+000    3.857810802E+000    1.620829884E+000
t53     -2.028286228E-001    1.393024396E+000   -2.487229789E+000    6.922519832E-001    6.432076256E-001   -6.429589013E-001
t54     -1.170471844E+000    4.033378831E+000    4.757868593E+000   -1.029474647E+001   -5.318774543E-001    1.917995634E+000
t55     -1.170471844E+000    4.141870832E+000   -3.227091144E+000   -1.223458273E+000   -8.234828492E-001   -2.647771693E+000
t56     -1.170471844E+000    4.319688006E+000   -6.769679200E+000    3.404033583E+000   -1.831951773E+000   -2.755865106E+000
t57      2.458327648E-001    3.502168304E+000   -2.792994701E+000   -1.286305779E-001   -7.238767562E-002   -8.413560845E-001
t58      3.797780428E-001    9.692057847E-004    3.737538988E-001    4.478832601E-001    2.898502676E-002    5.438716644E-001
t59      6.093579648E-001    3.446127299E+000    5.161514346E+000    6.533719542E+000    1.044839607E+000    1.092619770E+000
t61      6.093579648E-001    3.962293280E+000   -1.989373814E+000    6.167083640E+000   -2.018300533E+000   -3.047169109E+000
t62      6.093579648E-001    4.738045939E+000   -4.674436166E+000    3.702622209E+000   -2.248220046E+000   -3.389678424E+000
t63     -1.279827054E-001    3.223123212E+000   -1.924115230E+000   -3.040397640E+000    3.483202097E+000   -1.019513193E+000
t64     -1.089406436E-001   -2.866951185E-005    5.334295150E-002    1.035399935E-001   -7.197175364E-003   -8.813680408E-002
t65     -2.151850609E-001    7.354094607E-001    1.140276067E+000   -8.662082763E-001   -4.623276982E-001    5.210514793E-003
t66     -2.151850609E-001    5.842694640E-001   -2.536344920E-002   -1.175057693E+000    3.058543131E-001   -4.756815490E-001
t67     -2.151850609E-001    8.903867475E-001   -5.178707067E-001   -9.964157114E-001    9.268701657E-001   -5.925614941E-001
t68      4.519505423E-002    4.350052205E-001   -2.076389975E-001    7.162969919E-001   -7.628094834E-001   -2.214013240E-001
t69      0.000000000E+000    4.092947210E+000    1.179270855E+001   -2.664613589E+001   -5.698582015E+001   -4.929844376E+001
t70      0.000000000E+000   -8.596366788E-001    3.497764108E+000   -9.310710922E+000    3.719767995E-002   -5.149048931E+000
t71      0.000000000E+000   -2.231082494E+000    9.220155660E+000   -2.840547986E+001   -8.630916363E+000   -1.864230547E+001
t72      0.000000000E+000    4.685915178E-001    6.345013894E+000   -6.507017961E+000   -1.215778833E+001   -7.208816618E+000
t73      0.000000000E+000    9.657182693E-001    5.054593077E+000   -3.162605617E+000   -8.744559420E+000   -4.886748617E+000
t74      0.000000000E+000   -2.028286228E-001    1.190195773E+000   -1.297034016E+000   -6.047820332E-001    3.842559246E-002
t75      0.000000000E+000   -1.170471844E+000    3.149216162E+000   -3.620463039E+000   -2.164294562E-001   -2.048381229E+000
t76      0.000000000E+000    2.458327648E-001    3.748001069E+000    9.550063676E-001    8.263757897E-001    7.539881141E-001
t77      0.000000000E+000    6.093579648E-001    5.347403903E+000    6.729677372E-001    4.375589946E+000    2.127369900E+000
t78      0.000000000E+000   -1.279827054E-001    3.095140507E+000    1.171025277E+000   -1.869372364E+000    1.613829733E+000
t79      0.000000000E+000   -2.151850609E-001    6.752016866E-001    1.573309799E-001   -8.390847315E-001    8.778543414E-002
t80      0.000000000E+000    4.519505423E-002    4.802002748E-001    2.725612772E-001    9.888582692E-001    2.260487857E-001
t81      0.000000000E+000    7.119965168E-001    1.982637150E+000    2.032743531E-001   -1.000824238E+000   -2.095569672E-001
t82      1.000000000E+000    6.674148881E-001    1.790889625E+000    6.564334084E-001    1.730526484E+000    6.093936716E-001
t83      0.000000000E+000    3.797780428E-001    1.097457379E+000    3.147346105E-002    2.894059019E-001    3.603099651E-002
t84      0.000000000E+000    7.119965168E-001    1.982637150E+000    2.032743531E-001   -1.000824238E+000   -2.095569672E-001
t85      0.000000000E+000   -1.662925559E-001    3.954448126E-001   -1.717832958E-001    3.652632421E-001   -1.953031642E-001
t86      0.000000000E+000   -2.283447943E+000   -6.507451549E-001   -1.094915370E+001   -2.448542345E+000   -4.894733354E+000
t87      0.000000000E+000    5.381676333E-001    8.970502199E-001    5.533603802E-001   -1.049807469E+000    1.514096530E-001
t88      0.000000000E+000   -5.782337381E-001    1.245458417E+000    4.848097632E-001    5.224673026E+000    1.584030582E+000
t89      0.000000000E+000   -3.826765180E-001    1.959943218E+000   -5.488041060E+000   -7.113989452E+000   -5.450724743E+000
t90      0.000000000E+000    1.149425643E-001    1.525480532E-001    1.028702915E+000    9.449127847E-001    4.823593380E-001
t91      0.000000000E+000    0.000000000E+000    8.930275032E-001    4.072039725E-002    5.699931215E-001   -7.793074885E-001
t92      0.000000000E+000    1.015767259E-001    9.338198465E-001   -2.113908599E-001    5.929958590E-001   -2.374116551E-001
t93      0.000000000E+000    4.825021744E-001   -4.542875486E-001    8.255066674E-001    7.083881087E-001    6.046463724E-001
t94      0.000000000E+000    4.748654193E-001    1.328288485E+000    1.759852804E+000    1.033939321E+000    1.336677425E+000
t95      0.000000000E+000    4.173887314E-001    2.252525837E+000    2.863703643E-001   -3.044845635E-001    4.767936076E-002
t96      0.000000000E+000   -3.954810050E-001   -1.831730185E+000   -2.985073704E-001    2.131436337E+000   -2.329368638E-002
t97      0.000000000E+000    2.491241828E-001    1.163865430E+000    1.263645685E+000    1.054272328E+000    1.515433991E+000
t98      0.000000000E+000   -4.688191091E-002    1.222645772E-001    1.156236654E-001    1.156236654E-001   -3.694201515E-002
t99     -6.707647442E-001    2.442345485E-001   -1.170158464E+000    9.474900217E-001   -1.898460595E-001    3.729728999E-001
t100    -5.897653573E-001    3.734032241E-001   -1.395898467E-001    2.220446049E-016    1.717012578E-001   -9.273774922E-001
t101    -0.000000000E+000    5.781154351E+000    5.710720190E+000    2.425758941E+001    6.435395268E+001   -2.743237541E+000
t102     0.000000000E+000   -1.214208753E+000    1.082145994E-001    6.849110662E+000    4.125062854E+000    2.182948688E+000
t103    -0.000000000E+000   -1.523937747E+000    1.996209624E+000    1.967518264E+001    1.649001348E+001    2.562410717E+000
t104     0.000000000E+000    3.200707746E-001    1.401528844E+000    4.996798221E+000    1.352452785E+001    1.169813895E-001
t105    -0.000000000E+000    7.236963124E-001    1.234987656E+000    1.790956982E+000    8.906482040E+000   -5.197084659E-001
t106    -0.000000000E+000   -1.733310833E-001    9.200251075E-001    6.143832395E-001    8.496467942E-001    8.063621770E-001
t107     0.000000000E+000   -1.519970482E-001    2.301498483E-001    8.252310493E-001    1.428824723E+000    6.760973299E-001
t108    -0.000000000E+000   -1.475114546E+000    2.296640938E-002    4.839060484E-002   -7.988254930E-001   -1.654039902E+000
t109     0.000000000E+000    3.098164975E-001    1.015348563E+000   -1.258470716E+000   -2.041766950E+000   -1.097857474E+000
t110    -0.000000000E+000    2.716143338E-001    1.130580339E+000   -1.599760006E+000   -5.807607287E+000   -1.185833539E+000
t111    -0.000000000E+000   -1.093700715E-001    1.487927153E+000   -5.870787074E-001    2.030755422E+000    3.973993153E-001
t112     0.000000000E+000   -5.704682516E-002    7.585407515E-001   -1.199403624E+000    1.311649684E+000    1.792673616E-001
t113    -0.000000000E+000   -1.370086032E-001    1.674486521E-001   -1.942027599E-001    7.958993148E-001    5.054290272E-002
t114     0.000000000E+000    2.877574877E-002    1.132526358E-001   -2.263850112E-001   -1.164480523E+000   -1.831474308E-001
t115     0.000000000E+000   -6.154604899E+000   -2.342121679E+000    1.896458476E+001    7.403469716E+001    2.607967550E+000
t116     0.000000000E+000    1.622380956E+000    5.450020493E-001    1.482358528E+001    3.143812544E+001   -2.800213754E-001
t117     0.000000000E+000   -7.704455891E-001   -2.997544292E-001    1.719726069E+000    1.110420403E+001    7.566174809E-001
t118     0.000000000E+000    1.570403877E+000    1.005494215E+000   -1.234301986E+000   -2.909555109E+000   -8.415916035E-001
t119     0.000000000E+000   -2.891600549E-001    2.734352080E-001   -1.998405149E+000   -4.997328782E+000    3.629924726E-001
t120     0.000000000E+000    1.458590740E-001    4.140434109E-002   -3.233797483E-001   -2.998711603E-001   -1.909782099E-001
t121     1.427137805E+001    2.005389281E+000   -8.043446868E+001   -4.118281294E+001    9.001073049E-002    2.324261412E+002
t122     5.945177379E+000   -2.052388368E-001    8.942697264E+001    2.253386080E+001    2.140628960E-001    8.367181732E+001
t123     3.558612140E+000    5.508682381E-002   -9.669989542E+000   -6.509972306E+000    5.533996298E-002    1.799248491E+001
t124    -8.916948730E-001   -7.073771765E-004   -1.935015912E+000    1.517950672E+000    2.771462122E-002   -4.286882124E+000
t125     8.921948343E-001   -9.506424185E-004   -1.207377809E+000    7.206357109E-001   -4.170821772E-003    1.580434768E+000
t126    -2.145559061E-001   -1.060499652E-004    9.287086405E-002    2.051164331E-001   -2.684775285E-003   -2.871909522E-001
t127    -1.207464221E+000    4.795339576E-004   -7.578771280E+000   -2.990696978E+000   -9.609080245E-002   -5.421050555E+000
t128     8.582236246E-001   -1.419446740E-004   -9.115945946E-001   -1.267876119E+000    1.466784428E-002    1.672769626E+000
t129    -2.848335321E-001   -3.786731825E-006   -1.383586004E-001   -2.939861030E-001   -5.198585488E-003   -2.757666653E-001
t130     5.447032182E-002    7.467540581E-008   -1.316455585E-002   -4.530841242E-002    8.605622875E-004    2.979280364E-002
t131    -0.000000000E+000    1.057288996E+001   -5.395561743E+001   -1.188715628E+002    3.400053994E+000   -1.205621179E+001
t132     1.427137805E+001    4.638133441E+001   -2.814857225E+002   -4.250545540E+002    1.299563291E+002    1.796419078E+002
t133    -2.997400016E+000    2.162709534E+001   -8.693701308E+001    1.106447508E+002   -7.097592299E+001    5.118496923E+001
t134    -1.203922272E+001    1.007722402E+001   -1.176483069E+002    1.459466109E+002   -3.726252862E-001    2.997351206E+002
t135    -1.203922272E+001    6.323108403E+001   -2.949617386E+002    1.454165988E+002   -1.100500264E+002    3.343895460E+002
t136     3.306879698E+000    4.272526427E+000   -1.765956223E+001   -4.706588058E+001    1.691801309E-001    4.340685509E+001
t137     3.306879698E+000    2.459728207E+001   -5.898173568E+001   -7.528428094E+001    5.117598408E+001    8.590607179E+000
t138    -4.573709259E+000    1.686692890E+001   -3.969835441E+001   -1.561518304E+002    5.662191565E-001    8.450995224E+001
t139    -4.573709259E+000    2.747965778E+001   -6.244237411E+001    6.239034897E+001   -3.282335580E+001    2.116885735E+001
t140     1.635048917E+000    1.429428729E+001   -1.187270462E+001    9.386094279E+001   -7.157914775E-001    2.187118368E+001
t141     1.635048917E+000    3.356838203E+001   -3.606700375E+001    7.097352889E+001   -3.951511582E+001   -5.770488514E+001
t143    -5.081829350E-001    3.026752279E+000   -1.598623113E+000   -1.291893599E+001    2.867356941E-001    8.165687966E-001
t144    -5.081829350E-001    4.694099366E+000   -2.028012691E+000   -6.464714820E+000    6.777266028E+000   -6.282861853E+000
t145     1.780285219E+000    9.403491480E+000   -5.838599771E+000    4.841069947E+001   -4.904772673E-001   -1.098727278E+000
t146     1.780285219E+000    5.287983310E+000    1.525371129E+001   -3.318724105E+000   -9.190815960E-001   -3.491681071E+001
t147     3.404607528E-002    1.194716210E+001   -1.070083298E+001   -4.055282381E+001    1.346042826E+000    9.391757271E-001
t148     3.404607528E-002    1.637814854E+001   -6.883698733E-002   -1.254390418E+001    8.613392942E+000   -1.634830524E+001
t149    -4.085548097E-001    5.056726591E+000   -6.115284277E+000    1.019518978E+001   -1.275522715E+000   -6.373166126E-002
t150    -4.085548097E-001    6.388637227E+000   -1.193315481E+000    5.609401206E+000   -6.365812931E+000   -2.334747722E+000
t151     7.528864971E-001    1.142807592E+000   -1.029763086E+001    4.910081110E+000   -2.941187777E-001   -4.157713018E+000
t152     1.357117361E-001    7.130213326E-001   -1.036733906E+000   -7.753235931E-001    3.977073210E-001    4.864423036E-003
t153     0.000000000E+000   -5.374924136E-002   -8.437045045E-001   -3.719175990E-001    1.720058391E+000    4.295654219E-003
t154     0.000000000E+000    2.589609504E-001   -1.225291786E+000   -7.848308041E-001    4.755509773E-001    9.463248154E-002
t155     1.357117361E-001    6.112475143E-001   -2.918568184E-001   -2.000511534E+000    1.563621994E+000    1.017702670E-001

Per-surface tertiary T1..T10, total and intrinsic:
  surface 1
    tot   1.4271378E+001 -1.2039223E+001  3.3068797E+000 -4.5737093E+000  1.6350489E+000 -5.0818294E-001  1.7802852E+000  3.4046075E-002 -4.0855481E-001  1.3571174E-001
    int   1.4271378E+001 -1.2039223E+001  3.3068797E+000 -4.5737093E+000  1.6350489E+000 -5.0818294E-001  1.7802852E+000  3.4046075E-002 -4.0855481E-001  1.3571174E-001
    bar  -2.9974000E+000  2.5285832E+000 -6.9453988E-001  9.6061054E-001 -3.4340732E-001  1.0673304E-001 -3.7391112E-001 -7.1506554E-003  8.5808265E-002 -2.8503369E-002
  surface 2
    tot   4.6381334E+001  6.3231084E+001  2.4597282E+001  2.7479658E+001  3.3568382E+001  4.6940994E+000  5.2879833E+000  1.6378149E+001  6.3886372E+000  6.1124751E-001
    int   2.0053893E+000  1.0077224E+001  4.2725264E+000  1.6866929E+001  1.4294287E+001  3.0267523E+000  9.4034915E+000  1.1947162E+001  5.0567266E+000  7.1302133E-001
    bar   2.1627095E+001  2.8108856E+001  8.6147665E+000  1.9428337E+001  1.7212726E+001  1.5549695E+000  7.1325757E+000  1.2776331E+001  3.9086999E+000  4.1987039E-001
  surface 3
    tot  -2.8148572E+002 -2.9496174E+002 -5.8981736E+001 -6.2442374E+001 -3.6067004E+001 -2.0280127E+000  1.5253711E+001 -6.8836987E-002 -1.1933155E+000 -2.9185682E-001
    int  -8.0434469E+001 -1.1764831E+002 -1.7659562E+001 -3.9698354E+001 -1.1872705E+001 -1.5986231E+000 -5.8385998E+000 -1.0700833E+001 -6.1152843E+000 -1.0367339E+000
    bar  -8.6937013E+001 -9.9234175E+001 -1.7139547E+001 -3.1519715E+001 -1.4524777E+001 -6.0603529E-001  2.1287654E+000 -2.5683614E+000 -1.0562987E+000 -1.8258873E-001
  surface 4
    tot  -4.2505455E+002  1.4541660E+002 -7.5284281E+001  6.2390349E+001  7.0973529E+001 -6.4647148E+000 -3.3187241E+000 -1.2543904E+001  5.6094012E+000 -2.0005115E+000
    int  -4.1182813E+001  1.4594661E+002 -4.7065881E+001 -1.5615183E+002  9.3860943E+001 -1.2918936E+001  4.8410699E+001 -4.0552824E+001  1.0195190E+001 -7.7532359E-001
    bar   1.1064475E+002 -3.6200383E+001  1.1008781E+001  1.5893683E+001 -3.2938501E+001 -9.3770459E-002 -2.1156862E+000  7.0432316E+000 -3.4523286E+000  1.5858045E+000
  surface 5
    tot   1.2995633E+002 -1.1005003E+002  5.1175984E+001 -3.2823356E+001 -3.9515116E+001  6.7772660E+000 -9.1908160E-001  8.6133929E+000 -6.3658129E+000  1.5636220E+000
    int   9.0010730E-002 -3.7262529E-001  1.6918013E-001  5.6621916E-001 -7.1579148E-001  2.8673569E-001 -4.9047727E-001  1.3460428E+000 -1.2755227E+000  3.9770732E-001
    bar  -7.0975923E+001  4.0151914E+001 -6.7214222E+000 -1.1362355E+001  3.1600288E+001  1.4503848E+000  1.6615731E+000 -1.1708263E+001  4.0666020E+000 -1.7550589E+000
  surface 6
    tot   1.7964191E+002  3.3438955E+002  8.5906072E+000  2.1168857E+001 -5.7704885E+001 -6.2828619E+000 -3.4916811E+001 -1.6348305E+001 -2.3347477E+000  1.0177027E-001
    int   2.3242614E+002  2.9973512E+002  4.3406855E+001  8.4509952E+001  2.1871184E+001  8.1656880E-001 -1.0987273E+000  9.3917573E-001 -6.3731661E-002  4.8644230E-003
    bar   5.1184969E+001  5.3557216E+001  1.1850341E+000 -8.8332469E+000 -1.2480843E+001 -2.1459889E+000 -6.1630304E+000 -1.1919697E+000  2.7917468E-001 -1.3914565E-002

Per-surface tau1..tau20, transverse measure (stage D), and the system totals.
Generated from BuchdahlTableI + TertiaryCoefficients on the same CookeTriplet.zmx.


Per-surface tau1..tau20, transverse measure:
  surface 1
    tot   -7.135704E-05   -1.640965E-04   -1.095482E-04   -3.865251E-04   -2.190387E-04
           3.029500E-04    3.063927E-04    5.274847E-04    3.043914E-04    5.364975E-05
           7.472475E-04    2.982224E-04    4.459168E-04   -2.987451E-05   -3.229500E-04
          -6.638275E-04   -6.524088E-04   -2.575005E-03   -1.577548E-03   -1.205944E-03
    int   -7.135704E-05   -1.640965E-04   -1.095482E-04   -3.865251E-04   -2.190387E-04
           3.029500E-04    3.063927E-04    5.274847E-04    3.043914E-04    5.364975E-05
           7.472475E-04    2.982224E-04    4.459168E-04   -2.987451E-05   -3.229500E-04
          -6.638275E-04   -6.524088E-04   -2.575005E-03   -1.577548E-03   -1.205944E-03
    ind    0.000000E+00    0.000000E+00    0.000000E+00    0.000000E+00    0.000000E+00
           0.000000E+00    0.000000E+00    0.000000E+00    0.000000E+00    0.000000E+00
           0.000000E+00    0.000000E+00    0.000000E+00    0.000000E+00    0.000000E+00
           0.000000E+00    0.000000E+00    0.000000E+00    0.000000E+00    0.000000E+00
  surface 2
    tot   -2.319072E-04    9.689385E-04    5.753568E-04   -3.491110E-03   -1.629257E-03
          -1.820177E-03    8.943275E-03    7.025750E-03    4.365109E-03    1.593559E-04
          -1.922265E-02   -2.063003E-02   -4.118946E-03   -1.437138E-02    3.557013E-02
           3.060396E-02    1.020182E-02   -5.254103E-02   -7.105298E-03    1.776422E-02
    int   -1.002697E-05    1.228830E-04    9.169541E-05   -8.534149E-04   -2.830004E-04
          -1.117219E-03    5.190921E-03    4.594062E-03    2.289818E-03    2.833787E-04
          -1.337463E-02   -1.753463E-02   -2.655894E-03   -1.048331E-02    3.263929E-02
           2.437846E-02    8.074934E-03   -5.852051E-02   -8.288343E-03    2.577987E-02
    ind   -2.218802E-04    8.460555E-04    4.836614E-04   -2.637695E-03   -1.346256E-03
          -7.029581E-04    3.752354E-03    2.431688E-03    2.075291E-03   -1.240228E-04
          -5.848022E-03   -3.095399E-03   -1.463052E-03   -3.888071E-03    2.930842E-03
           6.225502E-03    2.126888E-03    5.979476E-03    1.183045E-03   -8.015645E-03
  surface 3
    tot    1.407432E-03   -4.266064E-03   -2.683937E-03    1.047979E-02    3.906789E-03
           4.136012E-03   -1.090007E-02   -6.308321E-03   -3.428230E-03    4.596779E-04
           1.452463E-02   -1.807532E-03    1.779526E-03    6.040260E-05   -7.942427E-03
          -6.006908E-03   -1.905569E-03    1.567131E-02    3.392619E-03   -7.725114E-03
    int    4.021732E-04   -1.698592E-03   -1.070514E-03    4.513387E-03    1.169721E-03
           2.629510E-03   -5.839038E-03   -4.188221E-03   -1.783057E-03   -1.759490E-04
           5.872859E-03    1.158794E-02    1.402749E-03    9.389693E-03   -1.928799E-02
          -1.709730E-02   -9.765313E-03    4.255244E-02    1.205126E-02   -1.882058E-02
    ind    1.005258E-03   -2.567472E-03   -1.613423E-03    5.966402E-03    2.737068E-03
           1.506502E-03   -5.061028E-03   -2.120099E-03   -1.645173E-03    6.356269E-04
           8.651768E-03   -1.339548E-02    3.767778E-04   -9.329290E-03    1.134556E-02
           1.109040E-02    7.859743E-03   -2.688114E-02   -8.658643E-03    1.109547E-02
  surface 4
    tot    2.125277E-03    3.336759E-03    1.323185E-03    7.384439E-03    4.986625E-03
          -4.132566E-03    1.282515E-02    1.007109E-02    8.355262E-03   -1.000113E-04
           3.457526E-02    1.286340E-02    5.672613E-03    1.100694E-02    1.990513E-02
           2.020461E-02    8.957483E-03    6.338522E-02    2.325446E-02    6.709352E-02
    int    2.059145E-04    1.702330E-03    1.328008E-03    7.945758E-03    3.117515E-03
           1.034307E-02    3.075908E-02    2.655078E-02    1.423194E-02    1.458880E-03
           5.247102E-02    5.680023E-02    1.133602E-02    3.558401E-02    6.923082E-02
           4.862362E-02    1.628039E-02    6.820324E-02    9.012561E-03    1.638350E-02
    ind    1.919363E-03    1.634429E-03   -4.822724E-06   -5.613196E-04    1.869110E-03
          -1.447564E-02   -1.793394E-02   -1.647969E-02   -5.876675E-03   -1.558891E-03
          -1.789576E-02   -4.393683E-02   -5.663405E-03   -2.457707E-02   -4.932569E-02
          -2.841901E-02   -7.322907E-03   -4.818020E-03    1.424190E-02    5.071002E-02
  surface 5
    tot   -6.497831E-04   -2.293034E-03   -1.001375E-03   -6.049310E-03   -3.389757E-03
           2.174129E-03   -7.836385E-03   -6.243656E-03   -4.818622E-03   -2.769696E-05
          -3.367527E-02   -9.016006E-03   -5.946868E-03   -7.558020E-03   -2.422980E-02
          -2.886195E-02   -1.016537E-02   -6.544717E-02   -1.817594E-02   -7.425448E-02
    int   -4.500546E-07   -5.170097E-06   -3.390619E-06   -3.801848E-05   -1.120603E-05
          -3.750481E-05   -2.490783E-04   -2.195514E-04   -1.158444E-04   -1.478077E-05
          -9.339134E-04   -1.648652E-03   -2.516028E-04   -1.181116E-03   -5.366678E-03
          -4.371861E-03   -2.036844E-03   -2.073007E-02   -4.623052E-03   -1.827916E-02
    ind   -6.493330E-04   -2.287864E-03   -9.979845E-04   -6.011291E-03   -3.378551E-03
           2.211634E-03   -7.587306E-03   -6.024104E-03   -4.702777E-03   -1.291620E-05
          -3.274136E-02   -7.367354E-03   -5.695265E-03   -6.376904E-03   -1.886312E-02
          -2.449009E-02   -8.128531E-03   -4.471710E-02   -1.355289E-02   -5.597531E-02
  surface 6
    tot   -8.982115E-04    3.974193E-03    3.042702E-03   -4.116502E-03   -5.690183E-04
          -1.402167E-03   -1.089165E-02   -1.222957E-02   -9.060327E-03   -1.052235E-03
           1.646465E-02    1.975309E-02    5.513042E-03    1.434520E-02   -1.248544E-02
          -5.631709E-03   -3.728288E-03   -4.428202E-03   -1.183004E-03   -5.887089E-04
    int   -1.162133E-03    3.382711E-03    2.727371E-03   -5.951140E-03   -2.875151E-03
          -5.597708E-03    5.736696E-03    4.082256E-03    2.570173E-03   -3.311067E-05
          -3.689900E-03   -6.747296E-04   -7.165171E-04   -8.241014E-04    5.346405E-04
           1.305887E-04   -1.017712E-04    5.823444E-05   -5.654530E-05    3.188651E-05
    ind    2.639217E-04    5.914824E-04    3.153301E-04    1.834639E-03    2.306133E-03
           4.195541E-03   -1.662834E-02   -1.631183E-02   -1.163050E-02   -1.019124E-03
           2.015455E-02    2.042782E-02    6.229559E-03    1.516930E-02   -1.302008E-02
          -5.762297E-03   -3.626517E-03   -4.486437E-03   -1.126458E-03   -6.205954E-04

System totals:
    tot    1.681450E-03    1.556696E-03    1.146383E-03    3.820781E-03    3.086343E-03
          -7.418192E-04   -7.553284E-03   -7.157220E-03   -4.282416E-03   -5.072596E-04
           1.341386E-02    1.461144E-03    3.345284E-03    3.453259E-03    1.049465E-02
           9.644176E-03    2.707664E-03   -4.593489E-02   -1.394715E-03    1.083496E-03
    int   -6.358796E-04    3.340065E-03    2.963622E-03    5.230047E-03    8.988397E-04
           6.523098E-03    3.590497E-02    3.134681E-02    1.749742E-02    1.572068E-03
           4.109268E-02    4.882838E-02    9.560670E-03    3.245530E-02    7.742713E-02
           5.099967E-02    1.179899E-02    2.898833E-02    6.518333E-03    3.889564E-03
    ind    2.317330E-03   -1.783369E-03   -1.817239E-03   -1.409266E-03    2.187503E-03
          -7.264917E-03   -4.345826E-02   -3.850403E-02   -2.177983E-02   -2.079327E-03
          -2.767882E-02   -4.736724E-02   -6.215386E-03   -2.900204E-02   -6.693248E-02
          -4.135550E-02   -9.091324E-03   -7.492322E-02   -7.913049E-03   -2.806068E-03
